950 57 12 1.3 1420934505
490 133 24 0.7 1560452393
322 520 44 2.7 1592890181
966 849 17 4.6 1707893260
185 380 22 4.1 1138354393
184 696 37 0.8 1721387459
440 54 38 3.8 1005336201
47 363 40 3.1 1258393872
539 21 25 3.9 1423587425
786 595 16 3.8 1586018675
965 424 39 3.5 1329586985
456 378 10 2.1 1214505275
205 549 6 2.3 1268751789
754 442 48 3.6 1188659131
115 626 37 4.6 1141316097
853 704 3 1.0 1252334239
486 162 47 0.3 1261641829
443 478 26 2.3 1641243400
137 231 18 3.3 1473627578
917 690 29 0.2 1024725665
769 690 37 4.9 1249718997
949 122 43 2.7 962157904
769 571 14 1.3 1519539502
238 588 40 1.2 965366954
884 392 26 2.7 1476295009
621 984 10 2.6 997491308
692 819 25 0.1 952860187
371 219 45 4.9 951028118
424 437 40 1.0 1084506925
641 286 50 1.8 1517127171
630 561 14 3.1 1391008711
476 502 5 0.7 1306300076
331 574 26 3.0 1517633423
996 938 32 4.6 1133309783
231 535 22 4.9 1236690050
441 245 30 3.9 1291528020
734 415 35 3.4 1493273907
97 227 46 2.3 1086082991
769 818 9 4.5 1564631455
97 790 9 3.4 985107863
398 869 17 3.6 1229397037
849 350 29 2.0 1181622790
441 928 27 0.8 1636748081
642 905 28 0.5 1054100577
538 165 33 0.7 1216654025
97 735 32 2.7 1103852555
728 93 38 0.2 1227699861
281 177 41 1.5 1427912600
330 150 17 0.1 1708758264
862 500 2 1.5 1148200135
