5 4 5 3.1 1698765442
8 4 4 1.9 1698765448
3 2 2 3.6 1698765456
6 0 4 4.3 1698765463
7 11 5 4.0 1698765466
2 17 2 3.8 1698765470
9 9 3 1.4 1698765474
8 4 3 4.3 1698765476
4 15 4 4.6 1698765481
1 3 3 2.8 1698765491
3 19 3 3.7 1698765495
4 2 3 1.0 1698765502
8 2 3 3.8 1698765510
0 16 4 1.4 1698765511
5 13 1 1.8 1698765512
2 13 1 2.0 1698765518
6 14 2 1.5 1698765523
1 15 2 4.5 1698765532
4 4 1 1.3 1698765534
9 11 5 3.2 1698765537
9 8 1 4.1 1698765538
7 9 5 3.4 1698765539
9 0 2 2.4 1698765549
0 18 3 1.3 1698765552
5 2 4 3.2 1698765556
2 16 5 4.2 1698765566
8 3 5 4.8 1698765567
2 2 2 4.0 1698765574
3 17 5 4.3 1698765579
8 12 3 4.9 1698765580
7 2 4 3.5 1698765590
6 9 2 1.9 1698765594
7 11 2 4.1 1698765602
8 11 5 2.4 1698765612
8 14 4 4.7 1698765618
2 17 3 1.4 1698765624
8 13 3 3.8 1698765626
7 19 1 4.1 1698765629
3 4 2 2.7 1698765633
3 11 2 3.8 1698765636
7 4 4 5.0 1698765638
6 7 2 1.7 1698765643
8 3 5 2.7 1698765650
0 14 2 3.4 1698765652
0 6 2 1.5 1698765653
1 11 2 3.2 1698765660
4 17 1 4.7 1698765664
4 0 3 3.4 1698765671
6 5 5 5.0 1698765672
8 18 3 3.9 1698765676
8 6 3 2.5 1698765680
2 8 5 4.8 1698765689
2 9 1 4.0 1698765696
0 19 4 2.6 1698765703
4 11 2 4.5 1698765713
3 4 1 3.1 1698765714
3 1 4 1.5 1698765724
1 19 3 2.6 1698765730
7 12 5 4.8 1698765738
2 5 2 3.5 1698765747
4 5 3 1.1 1698765751
1 3 5 3.3 1698765757
9 17 4 5.0 1698765762
8 1 2 2.8 1698765764
1 15 2 3.7 1698765765
3 0 1 4.2 1698765767
6 8 4 2.0 1698765774
2 1 5 4.7 1698765780
6 3 5 3.2 1698765784
0 13 2 3.0 1698765787
0 7 3 4.8 1698765793
9 1 1 3.1 1698765799
8 3 5 2.7 1698765803
2 18 2 4.2 1698765806
1 9 3 2.7 1698765811
0 18 5 2.8 1698765818
8 6 2 4.8 1698765822
8 0 4 3.6 1698765831
9 4 4 4.2 1698765837
4 9 2 1.3 1698765844
0 6 1 1.1 1698765851
6 15 1 3.3 1698765855
0 13 4 3.6 1698765865
5 8 3 1.7 1698765868
8 6 2 4.7 1698765871
3 5 1 3.7 1698765881
3 15 5 3.7 1698765886
6 17 4 5.0 1698765894
2 15 3 4.8 1698765903
4 18 4 3.5 1698765910
7 10 3 2.7 1698765920
6 12 2 1.6 1698765926
2 3 1 1.7 1698765931
9 6 5 4.5 1698765939
8 1 1 4.6 1698765941
8 8 3 2.2 1698765944
4 1 1 1.6 1698765945
6 2 1 1.3 1698765950
9 5 3 4.5 1698765955
1 2 4 1.4 1698765956
